2,26,99.85,2020-11-01
4,2,99.84,2020-11-05
1,94,98.39,2020-11-05
4,63,98.46,2020-11-02
3,87,99.37,2020-11-05
6,42,99.02,2020-11-02
4,37,98.77,2020-11-01
6,37,98.14,2020-11-05
5,2,99.99,2020-11-05
6,1,99.02,2020-11-05
7,24,98.6,2020-11-05
1,56,99.59,2020-11-04
7,43,98.27,2020-11-01
3,32,98.52,2020-11-02
7,4,98.7,2020-11-01
5,56,98.22,2020-11-02
7,77,98.13,2020-11-04
1,69,98.73,2020-11-04
1,70,99.94,2020-11-04
6,12,99.37,2020-11-04
1,11,99.01,2020-11-02
5,9,99.23,2020-11-05
3,17,98.54,2020-11-04
7,97,99.93,2020-11-05
4,99,99.7,2020-11-01
5,54,98.64,2020-11-04
2,66,98.48,2020-11-01
1,3,98.41,2020-11-04
4,51,99.12,2020-11-01
3,33,98.63,2020-11-01
4,33,98.17,2020-11-02
3,59,99.4,2020-11-02
1,95,99.94,2020-11-04
6,20,98.78,2020-11-03
5,13,98.27,2020-11-02
3,90,98.13,2020-11-05
6,70,98.07,2020-11-02
7,52,99.23,2020-11-02
6,19,99.73,2020-11-03
7,26,98.79,2020-11-02
7,6,98.18,2020-11-05
7,67,98.55,2020-11-04
6,96,98.12,2020-11-03
2,54,98.79,2020-11-03
7,17,98.42,2020-11-01
7,54,98.83,2020-11-02
4,91,98.77,2020-11-01
4,75,98.72,2020-11-03
6,16,98.35,2020-11-03
6,34,98.02,2020-11-02
3,88,99.0,2020-11-01
3,25,99.15,2020-11-04
6,84,99.94,2020-11-05
5,18,99.47,2020-11-04
3,58,98.39,2020-11-01
1,56,99.31,2020-11-01
6,26,99.82,2020-11-01
7,48,98.07,2020-11-04
3,49,98.42,2020-11-01
3,66,98.65,2020-11-02
1,44,98.65,2020-11-05
4,92,99.55,2020-11-04
2,71,99.95,2020-11-02
4,12,99.51,2020-11-03
1,31,99.9,2020-11-03
4,11,99.5,2020-11-05
1,7,99.07,2020-11-05
3,99,98.53,2020-11-05
4,2,98.99,2020-11-01
6,79,98.34,2020-11-01
2,30,98.59,2020-11-01
2,88,98.85,2020-11-05
5,81,98.79,2020-11-02
7,58,98.18,2020-11-05
5,21,99.63,2020-11-05
6,93,99.14,2020-11-02
7,33,98.83,2020-11-05
5,29,98.47,2020-11-04
4,37,98.26,2020-11-01
1,74,98.76,2020-11-04
6,63,98.97,2020-11-01
2,83,99.41,2020-11-05
6,19,99.72,2020-11-03
5,20,98.05,2020-11-03
2,4,98.11,2020-11-05
2,93,99.86,2020-11-02
3,35,99.57,2020-11-04
5,21,99.42,2020-11-01
4,26,99.32,2020-11-02
3,1,98.17,2020-11-01
3,16,99.92,2020-11-03
1,10,98.99,2020-11-01
3,17,98.33,2020-11-01
3,19,98.11,2020-11-01
2,18,99.49,2020-11-02
6,4,99.26,2020-11-05
5,73,99.13,2020-11-04
3,51,98.0,2020-11-02
5,10,99.33,2020-11-01
5,73,99.12,2020-11-04
5,18,98.12,2020-11-04
5,25,99.73,2020-11-04
7,50,98.84,2020-11-04
1,91,99.48,2020-11-03
5,11,98.94,2020-11-02
7,23,98.68,2020-11-04
4,7,99.22,2020-11-01
5,75,99.46,2020-11-04
2,91,99.23,2020-11-02
2,69,98.27,2020-11-05
6,34,99.14,2020-11-05
4,6,98.26,2020-11-04
7,87,99.82,2020-11-03
4,31,98.17,2020-11-04
1,26,98.53,2020-11-02
3,77,98.36,2020-11-05
1,12,99.18,2020-11-01
2,15,98.47,2020-11-05
7,48,98.26,2020-11-05
5,63,98.07,2020-11-04
5,65,100.0,2020-11-04
3,36,98.59,2020-11-03
7,48,99.76,2020-11-05
5,64,99.14,2020-11-05
6,38,99.86,2020-11-03
5,62,99.11,2020-11-04
4,23,98.8,2020-11-05
5,54,98.64,2020-11-03
7,35,99.9,2020-11-01
6,55,98.09,2020-11-01
2,43,99.09,2020-11-02
2,26,99.62,2020-11-01
5,32,99.14,2020-11-03
4,87,98.81,2020-11-01
2,21,98.35,2020-11-03
4,19,99.04,2020-11-04
4,34,99.22,2020-11-01
3,76,98.61,2020-11-04
2,61,98.61,2020-11-01
6,22,99.23,2020-11-03
3,79,98.85,2020-11-04
2,38,99.43,2020-11-01
7,100,98.89,2020-11-04
1,25,100.0,2020-11-05
7,41,99.59,2020-11-05
4,13,98.19,2020-11-02
1,1,99.38,2020-11-02
3,56,99.94,2020-11-05
2,3,98.54,2020-11-05
1,75,99.68,2020-11-01
2,41,98.96,2020-11-05
6,15,98.93,2020-11-02
2,93,98.47,2020-11-05
6,67,98.31,2020-11-04
7,51,99.47,2020-11-02
5,27,98.98,2020-11-03
4,50,98.25,2020-11-01
2,37,98.53,2020-11-05
2,10,98.77,2020-11-04
7,22,99.48,2020-11-05
6,31,98.32,2020-11-02
2,57,98.2,2020-11-03
3,96,98.27,2020-11-02
5,60,99.97,2020-11-01
1,56,98.87,2020-11-02
5,86,98.77,2020-11-05
5,92,98.05,2020-11-02
1,61,99.45,2020-11-02
7,97,99.61,2020-11-01
1,10,98.62,2020-11-03
6,94,98.18,2020-11-04
4,52,99.76,2020-11-03
5,57,98.71,2020-11-03
2,72,99.5,2020-11-04
6,90,98.92,2020-11-05
1,1,98.62,2020-11-03
6,14,99.9,2020-11-03
5,15,98.49,2020-11-04
5,18,98.74,2020-11-01
5,87,99.46,2020-11-03
3,53,98.35,2020-11-04
7,37,98.84,2020-11-01
1,4,99.78,2020-11-05
3,25,98.17,2020-11-02
3,10,98.36,2020-11-05
5,96,98.75,2020-11-01
5,28,98.89,2020-11-03
6,17,98.29,2020-11-03
5,17,98.53,2020-11-02
4,2,98.42,2020-11-02
7,17,98.02,2020-11-01
4,93,99.5,2020-11-03
2,6,98.72,2020-11-03
4,64,99.28,2020-11-02
2,53,98.71,2020-11-05
5,13,98.75,2020-11-05
6,98,98.55,2020-11-01
2,73,99.92,2020-11-02
7,43,98.66,2020-11-02
4,13,98.37,2020-11-05
3,53,99.31,2020-11-03
4,97,99.32,2020-11-01
4,85,98.98,2020-11-03
6,69,99.76,2020-11-02
3,58,98.86,2020-11-02
2,65,98.09,2020-11-05
1,17,98.23,2020-11-05
5,77,99.25,2020-11-05
6,4,98.48,2020-11-01
5,3,98.57,2020-11-05
3,2,98.15,2020-11-05
4,9,99.11,2020-11-05
7,58,98.87,2020-11-03
1,79,99.64,2020-11-02
2,99,99.25,2020-11-02
1,15,99.16,2020-11-05
6,85,99.6,2020-11-05
5,98,99.22,2020-11-05
3,15,99.7,2020-11-04
1,59,99.59,2020-11-04
4,75,98.95,2020-11-05
4,69,98.69,2020-11-04
3,63,99.73,2020-11-03
7,8,98.88,2020-11-03
5,53,99.59,2020-11-02
7,6,99.48,2020-11-05
2,95,98.61,2020-11-01
5,31,98.77,2020-11-02
5,86,98.84,2020-11-01
3,9,99.89,2020-11-02
2,22,99.68,2020-11-01
2,54,99.55,2020-11-05
1,24,99.7,2020-11-05
5,34,99.97,2020-11-02
3,25,99.93,2020-11-01
5,53,98.83,2020-11-04
5,55,98.22,2020-11-05
2,20,98.5,2020-11-03
7,21,98.81,2020-11-02
2,2,98.71,2020-11-04
6,89,99.99,2020-11-02
7,38,99.59,2020-11-03
4,20,98.58,2020-11-03
1,26,98.01,2020-11-02
5,78,99.89,2020-11-04
6,2,98.8,2020-11-01
4,98,98.41,2020-11-02
5,46,98.96,2020-11-01
1,68,98.22,2020-11-01
2,46,99.17,2020-11-01
6,47,98.86,2020-11-01
6,10,99.85,2020-11-03
2,13,98.78,2020-11-04
1,36,98.29,2020-11-02
6,54,99.18,2020-11-04
6,19,99.48,2020-11-01
4,49,98.12,2020-11-03
3,7,98.75,2020-11-03
4,8,98.54,2020-11-01
2,8,98.06,2020-11-03
2,91,98.28,2020-11-04
7,32,99.84,2020-11-05
6,43,98.53,2020-11-01
4,82,98.92,2020-11-01
7,44,98.76,2020-11-03
3,94,98.32,2020-11-02
2,71,99.66,2020-11-05
7,18,99.07,2020-11-03
4,83,98.34,2020-11-02
1,70,99.35,2020-11-01
4,70,99.83,2020-11-02
5,56,99.93,2020-11-05
5,91,99.95,2020-11-04
7,47,99.35,2020-11-02
1,48,99.21,2020-11-01
6,65,98.33,2020-11-03
6,67,98.16,2020-11-02
4,74,98.03,2020-11-05
6,70,98.28,2020-11-05
1,77,98.66,2020-11-03
6,82,99.09,2020-11-01
7,8,99.21,2020-11-02
1,1,99.1,2020-11-01
7,1,98.93,2020-11-05
3,49,99.3,2020-11-02
7,4,99.54,2020-11-04
1,35,99.08,2020-11-03
2,29,98.94,2020-11-01
3,38,98.35,2020-11-05
1,88,98.84,2020-11-04
2,47,98.64,2020-11-03
2,41,98.31,2020-11-02
1,61,98.55,2020-11-03
5,19,99.28,2020-11-05
5,22,98.1,2020-11-03
5,37,98.84,2020-11-05
4,87,99.22,2020-11-05
3,14,98.54,2020-11-01
1,54,99.22,2020-11-03
2,55,99.2,2020-11-02
2,54,98.12,2020-11-05
2,77,98.39,2020-11-02
7,47,99.53,2020-11-02
1,26,98.99,2020-11-05
3,92,98.04,2020-11-04
5,3,98.55,2020-11-05
5,57,98.4,2020-11-01
3,69,98.37,2020-11-02
4,84,98.12,2020-11-04
3,17,99.8,2020-11-05
4,72,98.35,2020-11-01
5,69,98.89,2020-11-02
1,43,98.33,2020-11-03
7,5,99.79,2020-11-03
1,51,98.76,2020-11-03
6,30,99.81,2020-11-04
6,60,98.37,2020-11-01
3,29,98.32,2020-11-01
7,6,99.45,2020-11-03
1,27,99.78,2020-11-03
7,16,98.33,2020-11-02
5,16,98.64,2020-11-03
4,51,98.95,2020-11-02
3,70,98.33,2020-11-01
6,5,98.13,2020-11-01
6,16,98.04,2020-11-02
1,48,99.64,2020-11-01
3,51,99.2,2020-11-05
4,78,99.01,2020-11-03
2,7,99.26,2020-11-01
7,85,98.5,2020-11-02
6,41,98.27,2020-11-03
1,66,98.21,2020-11-02
5,61,98.78,2020-11-03
7,40,98.4,2020-11-03
3,85,99.64,2020-11-05
4,56,99.7,2020-11-02
5,79,99.86,2020-11-03
6,92,98.48,2020-11-02
4,14,99.88,2020-11-03
2,51,99.7,2020-11-03
4,45,98.57,2020-11-04
6,34,99.33,2020-11-02
4,13,98.72,2020-11-01
3,21,98.17,2020-11-03
2,35,99.83,2020-11-02
7,78,99.01,2020-11-03
1,21,98.34,2020-11-04
3,59,98.51,2020-11-02
7,82,99.62,2020-11-03
4,13,99.98,2020-11-04
7,16,98.92,2020-11-03
5,17,98.09,2020-11-03
6,25,99.99,2020-11-04
2,55,99.55,2020-11-02
5,58,99.29,2020-11-03
2,15,98.64,2020-11-03
1,10,99.31,2020-11-02
4,52,98.21,2020-11-04
2,54,98.57,2020-11-01
3,64,98.25,2020-11-01
7,58,99.27,2020-11-05
2,37,99.69,2020-11-04
3,95,98.32,2020-11-05
5,87,98.8,2020-11-03
3,40,99.09,2020-11-01
5,53,98.78,2020-11-04
4,8,98.44,2020-11-04
7,77,98.38,2020-11-04
2,76,99.0,2020-11-04
4,41,98.66,2020-11-03
3,62,99.17,2020-11-03
7,93,99.07,2020-11-04
7,89,99.24,2020-11-03
4,62,98.39,2020-11-05
2,90,99.57,2020-11-05
3,63,99.99,2020-11-05
6,53,98.35,2020-11-04
3,99,99.11,2020-11-01
2,60,98.69,2020-11-02
3,20,99.64,2020-11-02
3,47,99.85,2020-11-05
7,47,98.87,2020-11-01
5,89,99.31,2020-11-05
3,29,99.78,2020-11-02
3,5,98.71,2020-11-05
1,21,98.66,2020-11-05
6,10,99.85,2020-11-04
2,25,98.53,2020-11-04
5,13,98.91,2020-11-01
4,29,99.98,2020-11-04
6,69,99.31,2020-11-03
1,51,99.85,2020-11-03
1,38,99.07,2020-11-04
6,41,99.13,2020-11-03
6,31,98.16,2020-11-01
4,15,99.73,2020-11-02
5,36,99.7,2020-11-01
4,86,99.27,2020-11-04
7,85,99.7,2020-11-01
6,67,99.92,2020-11-02
3,88,98.72,2020-11-02
1,54,99.52,2020-11-01
5,32,98.28,2020-11-02
1,41,98.95,2020-11-01
2,24,98.57,2020-11-01
7,23,99.6,2020-11-05
5,72,98.82,2020-11-05
7,78,99.84,2020-11-05
1,43,99.97,2020-11-04
5,22,99.05,2020-11-05
4,44,98.45,2020-11-04
7,40,99.28,2020-11-04
2,11,98.59,2020-11-04
3,27,99.44,2020-11-05
3,11,98.04,2020-11-04
6,95,98.01,2020-11-05
2,82,99.36,2020-11-03
1,20,99.78,2020-11-03
6,22,99.04,2020-11-03
3,69,99.76,2020-11-04
7,73,98.75,2020-11-05
2,60,98.73,2020-11-04
5,97,99.27,2020-11-05
6,38,99.36,2020-11-03
5,100,98.67,2020-11-03
3,55,98.31,2020-11-03
7,70,99.42,2020-11-03
6,28,98.88,2020-11-01
1,59,99.0,2020-11-02
2,56,99.98,2020-11-04
6,10,99.13,2020-11-05
7,24,98.04,2020-11-01
2,2,99.47,2020-11-01
2,7,98.31,2020-11-04
2,80,99.63,2020-11-04
3,44,98.24,2020-11-05
5,82,99.59,2020-11-03
7,57,99.96,2020-11-01
2,54,98.23,2020-11-04
6,30,98.87,2020-11-05
4,25,99.83,2020-11-05
7,70,99.66,2020-11-03
5,21,98.97,2020-11-05
1,82,99.33,2020-11-05
1,44,99.44,2020-11-05
6,73,98.26,2020-11-04
2,29,99.74,2020-11-04
6,31,99.56,2020-11-04
1,22,98.62,2020-11-04
4,64,99.58,2020-11-03
5,68,99.75,2020-11-05
2,49,98.25,2020-11-04
7,92,98.53,2020-11-04
7,64,99.67,2020-11-02
7,62,99.28,2020-11-05
3,44,99.94,2020-11-03
6,72,98.2,2020-11-04
5,76,99.43,2020-11-03
1,88,98.82,2020-11-03
3,19,98.77,2020-11-01
6,94,98.17,2020-11-02
1,41,99.86,2020-11-05
5,66,98.11,2020-11-04
7,94,98.26,2020-11-05
4,11,99.12,2020-11-04
7,98,99.43,2020-11-04
3,8,99.42,2020-11-02
1,75,99.05,2020-11-02
7,44,99.34,2020-11-05
7,95,98.31,2020-11-04
1,69,98.39,2020-11-02
3,30,99.85,2020-11-04
5,76,98.59,2020-11-04
3,40,98.7,2020-11-02
4,81,98.68,2020-11-05
3,28,98.81,2020-11-02
3,27,99.88,2020-11-01
1,94,99.99,2020-11-01
4,30,98.95,2020-11-03
5,80,99.8,2020-11-05
4,89,99.73,2020-11-02
3,54,99.17,2020-11-01
7,75,98.71,2020-11-02
3,100,99.85,2020-11-05
6,74,98.1,2020-11-02
2,9,99.54,2020-11-01
6,23,99.31,2020-11-03
2,79,98.63,2020-11-01
1,7,99.92,2020-11-05
5,33,98.69,2020-11-01
1,69,98.79,2020-11-03
2,72,98.55,2020-11-02
4,62,99.81,2020-11-01
4,39,98.3,2020-11-04
3,80,99.76,2020-11-03
7,68,98.37,2020-11-01
7,29,98.19,2020-11-01
1,9,98.53,2020-11-03
5,85,99.39,2020-11-05